2.090400E-02	1.78433E03	3.10125E01 
2.146200E-02	1.78936E03	3.10125E01 
2.201900E-02	1.74719E03	3.10125E01 
2.257700E-02	1.75778E03	3.10125E01 
2.313400E-02	1.72229E03	3.10125E01 
2.369200E-02	1.70339E03	3.10125E01 
2.424900E-02	1.71610E03	3.10125E01 
2.480700E-02	1.68699E03	3.10125E01 
2.536400E-02	1.66583E03	3.10125E01 
2.592100E-02	1.62831E03	3.10125E01 
2.647900E-02	1.62252E03	3.10125E01 
2.703600E-02	1.60532E03	3.10125E01 
2.759400E-02	1.55018E03	3.10125E01 
2.815100E-02	1.56565E03	3.10125E01 
2.870900E-02	1.54990E03	3.10125E01 
2.926600E-02	1.54654E03	3.10125E01 
2.982400E-02	1.49079E03	3.10125E01 
3.038100E-02	1.48928E03	3.10125E01 
3.093800E-02	1.49243E03	3.10125E01 
3.149600E-02	1.47650E03	3.10125E01 
3.205300E-02	1.43279E03	3.10125E01 
3.261100E-02	1.40470E03	3.10125E01 
3.316800E-02	1.39376E03	3.10125E01 
3.372600E-02	1.36802E03	3.10125E01 
3.428300E-02	1.35111E03	3.10125E01 
3.484100E-02	1.33497E03	3.10125E01 
3.539800E-02	1.33215E03	3.10125E01 
3.595500E-02	1.30484E03	3.10125E01 
3.651300E-02	1.28254E03	3.10125E01 
3.707000E-02	1.26563E03	3.10125E01 
3.762800E-02	1.23031E03	3.10125E01 
3.818500E-02	1.22311E03	3.10125E01 
3.874300E-02	1.19435E03	3.10125E01 
3.930000E-02	1.17824E03	3.10125E01 
3.985800E-02	1.17216E03	3.10125E01 
4.041500E-02	1.13219E03	3.10125E01 
4.097300E-02	1.11464E03	3.10125E01 
4.153000E-02	1.11091E03	3.10125E01 
4.208700E-02	1.09389E03	3.10125E01 
4.264500E-02	1.06628E03	3.10125E01 
4.320200E-02	1.06095E03	3.10125E01 
4.376000E-02	1.04562E03	1.99585E00 
4.431700E-02	1.01577E03	1.99585E00 
4.487500E-02	1.00999E03	1.99585E00 
4.543200E-02	9.89829E02	1.99585E00 
4.599000E-02	9.72916E02	1.99585E00 
4.654700E-02	9.44739E02	1.99585E00 
4.710400E-02	9.36174E02	1.99585E00 
4.766200E-02	9.18703E02	1.99585E00 
4.821900E-02	9.00648E02	1.99585E00 
4.877700E-02	8.91220E02	1.99585E00 
4.933400E-02	8.62270E02	1.99585E00 
4.989200E-02	8.56422E02	1.99585E00 
5.044900E-02	8.32299E02	1.99585E00 
5.100700E-02	8.14402E02	1.99585E00 
5.156400E-02	7.99285E02	1.99585E00 
5.212100E-02	7.81536E02	1.99585E00 
5.267900E-02	7.69893E02	1.99585E00 
5.323600E-02	7.54283E02	1.99585E00 
5.379400E-02	7.33174E02	1.99585E00 
5.435100E-02	7.13217E02	1.99585E00 
5.490900E-02	7.09208E02	1.99585E00 
5.546600E-02	6.89500E02	1.99585E00 
5.602400E-02	6.76493E02	1.99585E00 
5.658100E-02	6.61954E02	1.99585E00 
5.713800E-02	6.50203E02	1.99585E00 
5.769600E-02	6.39165E02	1.99585E00 
5.825300E-02	6.23104E02	1.99585E00 
5.881100E-02	6.06796E02	1.99585E00 
5.936800E-02	5.94906E02	1.99585E00 
5.992600E-02	5.81481E02	1.99585E00 
6.048300E-02	5.71234E02	1.99585E00 
6.104100E-02	5.58848E02	1.99585E00 
6.159800E-02	5.46819E02	1.99585E00 
6.215500E-02	5.36623E02	1.99585E00 
6.271300E-02	5.25650E02	1.99585E00 
6.327000E-02	5.14938E02	1.99585E00 
6.382800E-02	5.02009E02	1.99585E00 
6.438500E-02	4.96005E02	1.99585E00 
6.494300E-02	4.80694E02	1.99585E00 
6.550000E-02	4.71093E02	1.99585E00 
6.605700E-02	4.56178E02	1.99585E00 
6.661500E-02	4.48583E02	1.99585E00 
6.717200E-02	4.37454E02	1.99585E00 
6.773000E-02	4.29941E02	1.99585E00 
6.828700E-02	4.23139E02	1.99585E00 
6.884500E-02	4.12574E02	1.99585E00 
6.940200E-02	4.02683E02	1.99585E00 
6.996000E-02	3.96779E02	1.99585E00 
7.051700E-02	3.83925E02	1.99585E00 
7.107400E-02	3.75597E02	1.99585E00 
7.163200E-02	3.69690E02	1.99585E00 
7.218900E-02	3.59369E02	1.99585E00 
7.274700E-02	3.52579E02	1.99585E00 
7.330400E-02	3.46826E02	1.99585E00 
7.386200E-02	3.38205E02	1.99585E00 
7.441900E-02	3.31841E02	1.99585E00 
7.497700E-02	3.22939E02	1.99585E00 
7.553400E-02	3.15125E02	1.99585E00 
7.609100E-02	3.11355E02	1.99585E00 
7.664900E-02	2.98561E02	1.99585E00 
7.720600E-02	2.95777E02	1.99585E00 
7.776400E-02	2.87664E02	1.99585E00 
7.832100E-02	2.84222E02	1.99585E00 
7.887900E-02	2.76042E02	1.99585E00 
7.943600E-02	2.69233E02	1.99585E00 
7.999300E-02	2.63117E02	1.99585E00 
8.055100E-02	2.56463E02	1.99585E00 
8.110800E-02	2.52960E02	1.99585E00 
8.166600E-02	2.46014E02	1.99585E00 
8.222300E-02	2.42674E02	1.99585E00 
8.278100E-02	2.35174E02	1.99585E00 
8.333800E-02	2.34587E02	1.99585E00 
8.389500E-02	2.24465E02	1.99585E00 
8.445300E-02	2.22133E02	1.99585E00 
8.501000E-02	2.17593E02	1.99585E00 
8.556800E-02	2.13712E02	1.99585E00 
8.612500E-02	2.08137E02	1.99585E00 
8.668300E-02	2.02999E02	1.99585E00 
8.724000E-02	1.99890E02	1.99585E00 
8.779800E-02	1.95984E02	1.99585E00 
8.835500E-02	1.91546E02	1.99585E00 
8.891200E-02	1.87787E02	1.99585E00 
8.947000E-02	1.81434E02	1.99585E00 
9.002700E-02	1.78848E02	1.99585E00 
9.058500E-02	1.72945E02	1.99585E00 
9.114200E-02	1.71692E02	1.99585E00 
9.170000E-02	1.68695E02	1.99585E00 
9.225700E-02	1.65661E02	1.99585E00 
9.281400E-02	1.62638E02	1.99585E00 
9.337200E-02	1.57455E02	1.99585E00 
9.392900E-02	1.52486E02	1.99585E00 
9.448700E-02	1.52449E02	1.99585E00 
9.504400E-02	1.48667E02	1.99585E00 
9.560200E-02	1.45730E02	1.99585E00 
9.615900E-02	1.41726E02	1.99585E00 
9.671600E-02	1.41269E02	1.99585E00 
9.727400E-02	1.38508E02	1.99585E00 
9.783100E-02	1.34292E02	1.99585E00 
9.838900E-02	1.33662E02	1.99585E00 
9.894600E-02	1.29718E02	1.99585E00 
9.950400E-02	1.26029E02	1.99585E00 
1.000610E-01	1.24049E02	1.99585E00 
1.006180E-01	1.22246E02	1.99585E00 
1.011760E-01	1.23006E02	1.99585E00 
1.017330E-01	1.18756E02	1.99585E00 
1.022910E-01	1.14437E02	1.99585E00 
1.028480E-01	1.15375E02	1.99585E00 
1.034060E-01	1.11351E02	1.99585E00 
1.039630E-01	1.09512E02	2.00000E00 
1.045200E-01	1.08116E02	2.00000E00 
1.050780E-01	1.06413E02	2.00000E00 
1.056350E-01	1.02727E02	2.00000E00 
1.061930E-01	1.03132E02	2.00000E00 
1.067500E-01	1.00995E02	2.00000E00 
1.073080E-01	9.59354E01	2.00000E00 
1.078650E-01	9.97275E01	2.00000E00 
1.084220E-01	9.44579E01	2.00000E00 
1.089800E-01	9.37670E01	2.00000E00 
1.095370E-01	9.15498E01	2.00000E00 
1.100950E-01	8.91530E01	2.00000E00 
1.106520E-01	8.75410E01	2.00000E00 
1.112100E-01	8.72755E01	2.00000E00 
1.117670E-01	8.44162E01	2.00000E00 
1.123240E-01	8.27141E01	2.00000E00 
1.128820E-01	8.22006E01	2.00000E00 
1.134390E-01	8.06415E01	2.00000E00 
1.139970E-01	7.94852E01	2.00000E00 
1.145540E-01	7.77118E01	2.00000E00 
1.151110E-01	7.63201E01	2.00000E00 
1.156690E-01	7.73549E01	2.00000E00 
1.162260E-01	7.41992E01	2.00000E00 
1.167840E-01	7.20567E01	2.00000E00 
1.173410E-01	7.15999E01	2.00000E00 
1.178990E-01	6.83643E01	2.00000E00 
1.184560E-01	6.95980E01	2.00000E00 
1.190130E-01	6.85071E01	2.00000E00 
1.195710E-01	6.67480E01	2.00000E00 
1.201280E-01	6.67300E01	2.00000E00 
1.206860E-01	6.44894E01	2.00000E00 
1.212430E-01	6.20225E01	2.00000E00 
1.218000E-01	6.18165E01	2.00000E00 
1.223580E-01	6.00471E01	2.00000E00 
1.229150E-01	6.14522E01	2.00000E00 
1.234730E-01	5.78328E01	2.00000E00 
1.240300E-01	5.81462E01	2.00000E00 
1.245880E-01	5.81594E01	2.00000E00 
1.251450E-01	5.79016E01	2.00000E00 
1.257020E-01	5.45376E01	2.00000E00 
1.262600E-01	5.47222E01	2.00000E00 
1.268170E-01	5.26855E01	2.00000E00 
1.273750E-01	5.27374E01	2.00000E00 
1.279320E-01	5.26492E01	2.00000E00 
1.284890E-01	5.02287E01	2.00000E00 
1.290470E-01	4.99837E01	2.00000E00 
1.296040E-01	4.90229E01	2.00000E00 
1.301620E-01	4.68832E01	2.00000E00 
1.307190E-01	4.81210E01	2.00000E00 
1.312770E-01	4.76376E01	2.00000E00 
1.318340E-01	4.68653E01	2.00000E00 
1.323910E-01	4.57551E01	2.00000E00 
1.329490E-01	4.51264E01	2.00000E00 
1.335060E-01	4.34999E01	2.00000E00 
1.340640E-01	4.36823E01	2.00000E00 
1.346210E-01	4.22640E01	2.00000E00 
1.351780E-01	4.25588E01	2.00000E00 
1.357360E-01	4.12725E01	2.00000E00 
1.362930E-01	3.93544E01	2.00000E00 
1.368510E-01	4.02033E01	2.00000E00 
1.374080E-01	4.01807E01	2.00000E00 
1.379650E-01	3.85762E01	2.00000E00 
1.385230E-01	3.94123E01	2.00000E00 
1.390800E-01	3.81983E01	2.00000E00 
1.396380E-01	3.63087E01	2.00000E00 
1.401950E-01	3.53876E01	2.00000E00 
1.407520E-01	3.43068E01	2.00000E00 
1.413100E-01	3.29384E01	2.00000E00 
1.418670E-01	3.53513E01	2.00000E00 
1.424250E-01	3.45622E01	2.00000E00 
1.429820E-01	3.36885E01	2.00000E00 
1.435400E-01	3.35328E01	2.00000E00 
1.440970E-01	3.39047E01	2.00000E00 
1.446540E-01	3.15975E01	2.00000E00 
1.452120E-01	3.26930E01	2.00000E00 
1.457690E-01	3.23015E01	2.00000E00 
1.463270E-01	2.95188E01	2.00000E00 
1.468840E-01	3.00237E01	2.00000E00 
1.474410E-01	2.92086E01	2.00000E00 
1.479990E-01	3.00695E01	2.00000E00 
1.485560E-01	2.98592E01	2.00000E00 
1.491140E-01	2.86432E01	2.00000E00 
1.496710E-01	2.85320E01	2.00000E00 
1.502280E-01	2.67584E01	2.00000E00 
1.507860E-01	2.86375E01	2.00000E00 
1.513430E-01	2.91381E01	2.00000E00 
1.519010E-01	2.71981E01	2.00000E00 
1.524580E-01	2.60880E01	2.00000E00 
1.530150E-01	2.60353E01	2.00000E00 
1.535730E-01	2.41925E01	2.00000E00 
1.541300E-01	2.41690E01	2.00000E00 
1.546880E-01	2.52262E01	2.00000E00 
1.552450E-01	2.47651E01	2.00000E00 
1.558020E-01	2.38947E01	2.00000E00 
1.563600E-01	2.27213E01	2.00000E00 
1.569170E-01	2.26853E01	2.00000E00 
1.574750E-01	2.22821E01	2.00000E00 
1.580320E-01	2.28334E01	2.00000E00 
1.585890E-01	2.18153E01	2.00000E00 
1.591470E-01	2.10361E01	2.00000E00 
1.597040E-01	2.25291E01	2.00000E00 
1.602610E-01	2.11099E01	2.00000E00 
1.608190E-01	2.04144E01	2.00000E00 
1.613760E-01	2.09419E01	2.00000E00 
1.619340E-01	2.23618E01	2.00000E00 
1.624910E-01	2.15999E01	2.00000E00 
1.630480E-01	2.22309E01	2.00000E00 
1.636060E-01	1.98819E01	2.00000E00 
1.641630E-01	1.96780E01	2.00000E00 
1.647210E-01	2.09149E01	2.00000E00 
1.652780E-01	1.92507E01	2.00000E00 
1.658350E-01	1.95784E01	2.00000E00 
1.663930E-01	1.77872E01	2.00000E00 
1.669500E-01	1.87279E01	2.00000E00 
1.675080E-01	1.82640E01	2.00000E00 
1.680650E-01	1.90424E01	2.00000E00 
1.686220E-01	1.64989E01	2.00000E00 
1.691800E-01	1.82974E01	2.00000E00 
1.697370E-01	1.77807E01	2.00000E00 
1.702940E-01	1.75180E01	2.00000E00 
1.708520E-01	1.71382E01	2.00000E00 
1.714090E-01	1.58662E01	2.00000E00 
1.719670E-01	1.63958E01	2.00000E00 
1.725240E-01	1.76194E01	2.00000E00 
1.730810E-01	1.63223E01	2.00000E00 
1.736390E-01	1.58869E01	2.00000E00 
1.741960E-01	1.59621E01	2.00000E00 
1.747540E-01	1.56160E01	2.00000E00 
1.753110E-01	1.50621E01	2.00000E00 
1.758680E-01	1.50748E01	2.00000E00 
1.764260E-01	1.44876E01	2.00000E00 
1.769830E-01	1.51626E01	2.00000E00 
1.775400E-01	1.37317E01	2.00000E00 
1.780980E-01	1.53034E01	2.00000E00 
1.786550E-01	1.39904E01	2.00000E00 
1.792130E-01	1.55543E01	2.00000E00 
1.797700E-01	1.45128E01	2.00000E00 
1.803270E-01	1.40985E01	2.00000E00 
1.808850E-01	1.27837E01	2.00000E00 
1.814420E-01	1.46604E01	2.00000E00 
1.819990E-01	1.44361E01	2.00000E00 
1.825570E-01	1.43854E01	2.00000E00 
1.831140E-01	1.29418E01	2.00000E00 
1.836720E-01	1.29760E01	2.00000E00 
1.842290E-01	1.34799E01	2.00000E00 
1.847860E-01	1.38813E01	2.00000E00 
1.853440E-01	1.23524E01	2.00000E00 
1.859010E-01	1.15859E01	2.00000E00 
1.864580E-01	1.17937E01	2.00000E00 
1.870160E-01	1.26048E01	2.00000E00 
1.875730E-01	1.21791E01	2.00000E00 
1.881310E-01	1.23565E01	2.00000E00 
1.886880E-01	1.25368E01	2.00000E00 
1.892450E-01	1.23322E01	2.00000E00 
1.898030E-01	1.28970E01	2.00000E00 
1.903600E-01	1.20545E01	2.00000E00 
1.909170E-01	1.14757E01	2.00000E00 
1.914750E-01	1.12169E01	2.00000E00 
1.920320E-01	1.07492E01	2.00000E00 
1.925900E-01	1.10066E01	2.00000E00 
1.931470E-01	1.15202E01	2.00000E00 
1.937040E-01	1.28519E01	2.00000E00 
1.942620E-01	1.15888E01	2.00000E00 
1.948190E-01	1.10475E01	2.00000E00 
1.953760E-01	1.13485E01	2.00000E00 
1.959340E-01	1.02795E01	2.00000E00 
1.964910E-01	1.04952E01	2.00000E00 
1.970480E-01	9.96144E00	2.00000E00 
1.976060E-01	1.13876E01	2.00000E00 
1.981630E-01	1.07881E01	2.00000E00 
1.987210E-01	1.05085E01	2.00000E00 
1.992780E-01	1.03948E01	2.00000E00 
1.998350E-01	9.78869E00	2.00000E00 
2.003930E-01	9.92133E00	2.00000E00 
2.009500E-01	9.29938E00	2.00000E00 
2.015070E-01	9.86870E00	2.00000E00 
2.020650E-01	9.95722E00	2.00000E00 
2.026220E-01	1.06906E01	2.00000E00 
2.031790E-01	9.84063E00	2.00000E00 
2.037370E-01	9.90742E00	2.00000E00 
2.042940E-01	9.58558E00	2.00000E00 
2.048510E-01	1.08908E01	2.00000E00 
2.054090E-01	9.32998E00	2.00000E00 
2.059660E-01	9.71118E00	2.00000E00 
2.065240E-01	8.81487E00	2.00000E00 
2.070810E-01	9.79135E00	2.00000E00 
2.076380E-01	9.25039E00	2.00000E00 
2.081960E-01	1.01605E01	2.00000E00 
2.087530E-01	8.98603E00	2.00000E00 
2.093100E-01	1.04058E01	2.00000E00 
2.098680E-01	1.00732E01	2.00000E00 
2.104250E-01	9.05081E00	2.00000E00 
2.109820E-01	7.89343E00	2.00000E00 
2.115400E-01	8.37059E00	2.00000E00 
2.120970E-01	8.68883E00	2.00000E00 
2.126540E-01	8.89688E00	2.00000E00 
2.132120E-01	9.46137E00	2.00000E00 
2.137690E-01	8.68718E00	2.00000E00 
2.143260E-01	8.72193E00	2.00000E00 
2.148840E-01	9.08345E00	2.00000E00 
2.154410E-01	8.65411E00	2.00000E00 
2.159990E-01	8.74938E00	2.00000E00 
2.165560E-01	8.46605E00	2.00000E00 
2.171130E-01	8.98024E00	2.00000E00 
2.176710E-01	7.97294E00	2.00000E00 
2.182280E-01	7.52689E00	2.00000E00 
2.187850E-01	8.71280E00	2.00000E00 
2.193430E-01	8.83140E00	2.00000E00 
2.199000E-01	8.16506E00	2.00000E00 
2.204570E-01	8.33067E00	2.00000E00 
2.210150E-01	8.80573E00	2.00000E00 
2.215720E-01	8.62695E00	2.00000E00 
2.221290E-01	7.28643E00	2.00000E00 
2.226870E-01	8.80021E00	2.00000E00 
2.232440E-01	7.75403E00	2.00000E00 
2.238010E-01	7.00155E00	2.00000E00 
2.243590E-01	8.15934E00	2.00000E00 
2.249160E-01	8.89500E00	2.00000E00 
2.254730E-01	9.50147E00	2.00000E00 
2.260310E-01	7.80437E00	2.00000E00 
2.265880E-01	7.97823E00	2.00000E00 
2.271450E-01	6.84683E00	2.00000E00 
2.277030E-01	7.22863E00	2.00000E00 
2.282600E-01	7.13068E00	2.00000E00 
2.288170E-01	8.04456E00	2.00000E00 
2.293750E-01	7.28696E00	2.00000E00 
2.299320E-01	7.40998E00	2.00000E00 
2.304890E-01	7.04720E00	2.00000E00 
2.310470E-01	7.42292E00	2.00000E00 
2.316040E-01	6.61061E00	2.00000E00 
2.321610E-01	7.14040E00	2.00000E00 
2.327190E-01	6.89203E00	2.00000E00 
2.332760E-01	8.40417E00	2.00000E00 
2.338330E-01	6.40890E00	2.00000E00 
2.343910E-01	6.97746E00	2.00000E00 
2.349480E-01	6.04371E00	2.00000E00 
2.355050E-01	5.73430E00	2.00000E00 
2.360630E-01	6.61026E00	2.00000E00 
2.366200E-01	6.55614E00	2.00000E00 
2.371770E-01	7.03373E00	2.00000E00 
2.377350E-01	7.05825E00	2.00000E00 
2.382920E-01	7.07199E00	2.00000E00 
2.388490E-01	6.58639E00	2.00000E00 
2.394070E-01	6.41030E00	2.00000E00 
2.399640E-01	7.03694E00	2.00000E00 
2.405210E-01	6.61510E00	2.00000E00 
2.410790E-01	6.27141E00	2.00000E00 
2.416360E-01	7.93978E00	2.00000E00 
2.421930E-01	6.35646E00	2.00000E00 
2.427500E-01	6.40391E00	2.00000E00 
2.433080E-01	7.65279E00	2.00000E00 
2.438650E-01	6.46199E00	2.00000E00 
2.444220E-01	7.03693E00	2.00000E00 
2.449800E-01	6.09788E00	2.00000E00 
2.455370E-01	5.78474E00	2.00000E00 
2.460940E-01	6.13487E00	2.00000E00 
2.466520E-01	5.75912E00	2.00000E00 
2.472090E-01	5.46418E00	2.00000E00 
2.477660E-01	5.91765E00	2.00000E00 
2.483240E-01	5.82029E00	2.00000E00 
2.488810E-01	5.76447E00	2.00000E00 
2.494380E-01	5.78273E00	2.00000E00 
2.499960E-01	4.52271E00	2.00000E00 
2.505530E-01	5.63050E00	2.00000E00 
2.511100E-01	5.65220E00	2.00000E00 
2.516670E-01	6.39546E00	2.00000E00 
2.522250E-01	5.76202E00	2.00000E00 
2.527820E-01	5.12066E00	2.00000E00 
2.533390E-01	5.18057E00	2.00000E00 
2.538970E-01	5.58847E00	2.00000E00 
2.544540E-01	5.97308E00	2.00000E00 
2.550110E-01	6.05339E00	2.00000E00 
2.555690E-01	5.52362E00	2.00000E00 
2.561260E-01	4.48715E00	2.00000E00 
2.566830E-01	4.77380E00	2.00000E00 
2.572410E-01	5.33988E00	2.00000E00 
2.577980E-01	5.31430E00	2.00000E00 
2.583550E-01	5.40154E00	2.00000E00 
2.589120E-01	5.89633E00	2.00000E00 
2.594700E-01	4.93629E00	2.00000E00 
2.600270E-01	5.04529E00	2.00000E00 
2.605840E-01	6.32097E00	2.00000E00 
2.611420E-01	5.04662E00	2.00000E00 
2.616990E-01	5.12324E00	2.00000E00 
2.622560E-01	5.35536E00	2.00000E00 
2.628140E-01	4.64327E00	2.00000E00 
2.633710E-01	4.86543E00	2.00000E00 
2.639280E-01	5.39663E00	2.00000E00 
2.644850E-01	4.68958E00	2.00000E00 
2.650430E-01	4.94107E00	2.00000E00 
2.656000E-01	4.20964E00	2.00000E00 
2.661570E-01	5.37991E00	2.00000E00 
2.667150E-01	5.24290E00	2.00000E00 
2.672720E-01	6.27456E00	2.00000E00 
2.678290E-01	4.79853E00	2.00000E00 
2.683860E-01	4.88302E00	2.00000E00 
2.689440E-01	5.17197E00	2.00000E00 
2.695010E-01	4.63593E00	2.00000E00 
2.700580E-01	5.07188E00	2.00000E00 
2.706160E-01	5.14761E00	2.00000E00 
2.711730E-01	4.74121E00	2.00000E00 
2.717300E-01	4.52306E00	2.00000E00 
2.722870E-01	4.43518E00	2.00000E00 
2.728450E-01	4.39239E00	2.00000E00 
2.734020E-01	4.55999E00	2.00000E00 
2.739590E-01	4.48200E00	2.00000E00 
2.745170E-01	5.04961E00	2.00000E00 
2.750740E-01	4.36411E00	2.00000E00 
2.756310E-01	4.86469E00	2.00000E00 
2.761880E-01	4.44356E00	2.00000E00 
2.767460E-01	4.41629E00	2.00000E00 
2.773030E-01	4.51194E00	2.00000E00 
2.778600E-01	4.10899E00	2.00000E00 
2.784180E-01	4.58213E00	2.00000E00 
2.789750E-01	4.65574E00	2.00000E00 
2.795320E-01	4.94348E00	2.00000E00 
2.800890E-01	4.89880E00	2.00000E00 
2.806470E-01	4.39810E00	2.00000E00 
2.812040E-01	5.24411E00	2.00000E00 
2.817610E-01	3.62864E00	2.00000E00 
2.823180E-01	4.36924E00	2.00000E00 
2.828760E-01	5.12605E00	2.00000E00 
2.834330E-01	4.58221E00	2.00000E00 
2.839900E-01	3.79557E00	2.00000E00 
2.845480E-01	4.43486E00	2.00000E00 
2.851050E-01	4.25694E00	2.00000E00 
2.856620E-01	4.25313E00	2.00000E00 
2.862190E-01	4.34188E00	2.00000E00 
2.867770E-01	4.90640E00	2.00000E00 
2.873340E-01	4.26422E00	2.00000E00 
2.878910E-01	4.45740E00	2.00000E00 
2.884480E-01	4.68337E00	2.00000E00 
2.890060E-01	4.44542E00	2.00000E00 
2.895630E-01	4.82612E00	2.00000E00 
2.901200E-01	3.99545E00	2.00000E00 
2.906770E-01	4.26782E00	2.00000E00 
2.912350E-01	4.20932E00	2.00000E00 
2.917920E-01	4.32761E00	2.00000E00 
2.923490E-01	3.99365E00	2.00000E00 
2.929060E-01	3.48846E00	2.00000E00 
2.934640E-01	3.38813E00	2.00000E00 
2.940210E-01	4.86806E00	2.00000E00 
2.945780E-01	3.84263E00	2.00000E00 
2.951360E-01	4.22354E00	2.00000E00 
2.956930E-01	4.03360E00	2.00000E00 
2.962500E-01	4.62093E00	2.00000E00 
2.968070E-01	3.66529E00	2.00000E00 
2.973650E-01	4.71789E00	2.00000E00 
2.979220E-01	3.78951E00	2.00000E00 
2.984790E-01	4.54582E00	2.00000E00 
2.990360E-01	4.45470E00	2.00000E00 
2.995940E-01	4.71211E00	2.00000E00 
3.001510E-01	4.74111E00	2.00000E00 
3.007080E-01	4.65074E00	2.00000E00 
3.012650E-01	4.38501E00	2.00000E00 
3.018230E-01	4.32181E00	2.00000E00 
3.023800E-01	3.81072E00	2.00000E00 
3.029370E-01	4.16936E00	2.00000E00 
3.034940E-01	4.29122E00	2.00000E00 
3.040520E-01	3.84618E00	2.00000E00 
3.046090E-01	3.11929E00	2.00000E00 
3.051660E-01	4.82920E00	2.00000E00 
3.057230E-01	4.13455E00	2.00000E00 
3.062800E-01	4.78795E00	2.00000E00 
3.068380E-01	3.96685E00	2.00000E00 
3.073950E-01	4.31409E00	2.00000E00 
3.079520E-01	4.17352E00	2.00000E00 
3.085090E-01	4.29550E00	2.00000E00 
3.090670E-01	4.42129E00	2.00000E00 
3.096240E-01	4.53922E00	2.00000E00 
3.101810E-01	4.78565E00	2.00000E00 
3.107380E-01	4.96498E00	2.00000E00 
3.112960E-01	3.85654E00	2.00000E00 
3.118530E-01	3.45917E00	2.00000E00 
3.124100E-01	4.03522E00	2.00000E00 
3.129670E-01	3.56008E00	2.00000E00 
3.135250E-01	4.12087E00	2.00000E00 
3.140820E-01	4.16752E00	2.00000E00 
3.146390E-01	2.83095E00	2.00000E00 
3.151960E-01	4.62825E00	2.00000E00 
3.157530E-01	4.04060E00	2.00000E00 
3.163110E-01	3.34787E00	2.00000E00 
3.168680E-01	3.82507E00	2.00000E00 
3.174250E-01	3.80898E00	2.00000E00 
3.179820E-01	4.08406E00	2.00000E00 
3.185400E-01	4.30115E00	2.00000E00 
3.190970E-01	4.38248E00	2.00000E00 
3.196540E-01	4.25733E00	2.00000E00 
3.202110E-01	3.97482E00	2.00000E00 
3.207680E-01	4.68247E00	2.00000E00 
3.213260E-01	4.02212E00	2.00000E00 
3.218830E-01	3.54788E00	2.00000E00 
3.224400E-01	3.61424E00	2.00000E00 
3.229970E-01	3.64935E00	2.00000E00 
3.235550E-01	3.45232E00	2.00000E00 
3.241120E-01	4.66193E00	2.00000E00 
3.246690E-01	4.44097E00	2.00000E00 
3.252260E-01	4.51232E00	2.00000E00 
3.257830E-01	3.94810E00	2.00000E00 
3.263410E-01	4.28999E00	2.00000E00 
3.268980E-01	3.90328E00	2.00000E00 
3.274550E-01	3.52073E00	2.00000E00 
3.280120E-01	4.31184E00	2.00000E00 
3.285690E-01	3.83100E00	2.00000E00 
3.291270E-01	4.22813E00	2.00000E00 
3.296840E-01	4.01329E00	2.00000E00 
3.302410E-01	4.33263E00	2.00000E00 
3.307980E-01	3.45840E00	2.00000E00 
3.313550E-01	3.67215E00	2.00000E00 
3.319130E-01	4.54228E00	2.00000E00 
3.324700E-01	4.63288E00	2.00000E00 
3.330270E-01	4.10550E00	2.00000E00 
3.335840E-01	4.19914E00	2.00000E00 
3.341410E-01	4.06309E00	2.00000E00 
3.346990E-01	4.30721E00	2.00000E00 
3.352560E-01	3.78207E00	2.00000E00 
3.358130E-01	4.80293E00	2.00000E00 
3.363700E-01	3.99409E00	2.00000E00 
3.369270E-01	4.18402E00	2.00000E00 
3.374850E-01	3.53758E00	2.00000E00 
3.380420E-01	4.40608E00	2.00000E00 
3.385990E-01	3.87879E00	2.00000E00 
3.391560E-01	4.15816E00	2.00000E00 
3.397130E-01	4.21841E00	2.00000E00 
3.402710E-01	3.94013E00	2.00000E00 
3.408280E-01	4.30443E00	2.00000E00 
3.413850E-01	4.54683E00	2.00000E00 
3.419420E-01	4.25872E00	2.00000E00 
3.424990E-01	4.37250E00	2.00000E00 
3.430570E-01	4.48841E00	2.00000E00 
3.436140E-01	4.19460E00	2.00000E00 
3.441710E-01	3.83504E00	2.00000E00 
3.447280E-01	4.65631E00	2.00000E00 
3.452850E-01	4.91585E00	2.00000E00 
3.458420E-01	3.97161E00	2.00000E00 
3.464000E-01	4.52085E00	2.00000E00 
3.469570E-01	3.79825E00	2.00000E00 
3.475140E-01	3.85510E00	2.00000E00 
3.480710E-01	4.40439E00	2.00000E00 
3.486280E-01	3.70002E00	2.00000E00 
3.491860E-01	4.08151E00	2.00000E00 
3.497430E-01	4.29383E00	2.00000E00 
3.503000E-01	4.14205E00	2.00000E00 
3.508570E-01	3.05624E00	2.00000E00 
3.514140E-01	3.87765E00	2.00000E00 
3.519710E-01	3.59719E00	2.00000E00 
3.525290E-01	3.53003E00	2.00000E00 
3.530860E-01	4.82349E00	2.00000E00 
3.536430E-01	4.71255E00	2.00000E00 
3.542000E-01	3.27132E00	2.00000E00 
3.547570E-01	4.25009E00	2.00000E00 
3.553140E-01	4.78547E00	2.00000E00 
3.558720E-01	3.46111E00	2.00000E00 
3.564290E-01	3.80069E00	2.00000E00 
3.569860E-01	4.34478E00	2.00000E00 
3.575430E-01	3.64273E00	2.00000E00 
3.581000E-01	4.76525E00	2.00000E00 
3.586570E-01	3.75541E00	2.00000E00 
3.592150E-01	3.74666E00	2.00000E00 
3.597720E-01	4.51591E00	2.00000E00 
3.603290E-01	4.03090E00	2.00000E00 
3.608860E-01	3.73499E00	2.00000E00 
3.614430E-01	3.38928E00	2.00000E00 
3.620000E-01	3.11130E00	2.00000E00 
3.625580E-01	3.83162E00	2.00000E00 
3.631150E-01	3.27369E00	2.00000E00 
3.636720E-01	3.11642E00	2.00000E00 
3.642290E-01	4.32173E00	2.00000E00 
3.647860E-01	3.67941E00	2.00000E00 
3.653430E-01	3.34223E00	2.00000E00 
3.659000E-01	4.14477E00	2.00000E00 
3.664580E-01	3.96626E00	2.00000E00 
3.670150E-01	4.81023E00	2.00000E00 
3.675720E-01	4.22632E00	2.00000E00 
3.681290E-01	3.87730E00	2.00000E00 
3.686860E-01	3.40177E00	2.00000E00 
3.692430E-01	3.73321E00	2.00000E00 
3.698010E-01	4.47074E00	2.00000E00 
3.703580E-01	3.99778E00	2.00000E00 
3.709150E-01	3.88621E00	2.00000E00 
3.714720E-01	4.33685E00	2.00000E00 
3.720290E-01	3.36869E00	2.00000E00 
3.725860E-01	3.81752E00	2.00000E00 
3.731430E-01	4.00663E00	2.00000E00 
3.737000E-01	3.72385E00	2.00000E00 
3.742580E-01	4.19426E00	2.00000E00 
3.748150E-01	3.52250E00	2.00000E00 
3.753720E-01	2.87986E00	2.00000E00 
3.759290E-01	3.83826E00	2.00000E00 
3.764860E-01	3.47056E00	2.00000E00 
3.770430E-01	3.67211E00	2.00000E00 
3.776000E-01	4.91394E00	2.00000E00 
3.781580E-01	3.95637E00	2.00000E00 
3.787150E-01	4.55222E00	2.00000E00 
3.792720E-01	3.62306E00	2.00000E00 
3.798290E-01	4.14311E00	2.00000E00 
3.803860E-01	4.24629E00	2.00000E00 
3.809430E-01	3.53354E00	2.00000E00 
3.815000E-01	3.70858E00	2.00000E00 
3.820570E-01	3.79553E00	2.00000E00 
3.826150E-01	5.29519E00	2.00000E00 
3.831720E-01	3.68542E00	2.00000E00 
3.837290E-01	3.46710E00	2.00000E00 
3.842860E-01	2.52468E00	2.00000E00 
3.848430E-01	3.27935E00	2.00000E00 
3.854000E-01	4.16278E00	2.00000E00 
3.859570E-01	3.44377E00	2.00000E00 
3.865140E-01	3.56197E00	2.00000E00 
3.870720E-01	3.89945E00	2.00000E00 
3.876290E-01	3.67044E00	2.00000E00 
3.881860E-01	3.88328E00	2.00000E00 
3.887430E-01	3.29832E00	2.00000E00 
3.893000E-01	4.12589E00	2.00000E00 
3.898570E-01	3.97709E00	2.00000E00 
3.904140E-01	3.74595E00	2.00000E00 
3.909710E-01	4.03137E00	2.00000E00 
3.915280E-01	4.42267E00	2.00000E00 
3.920860E-01	4.83051E00	2.00000E00 
3.926430E-01	3.33838E00	2.00000E00 
3.932000E-01	3.85226E00	2.00000E00 
3.937570E-01	4.45854E00	2.00000E00 
3.943140E-01	4.67007E00	2.00000E00 
3.948710E-01	2.64798E00	2.00000E00 
3.954280E-01	2.74582E00	2.00000E00 
3.959850E-01	3.67272E00	2.00000E00 
3.965420E-01	4.57636E00	2.00000E00 
3.970990E-01	4.30991E00	2.00000E00 
3.976570E-01	4.59106E00	2.00000E00 
3.982140E-01	3.94453E00	2.00000E00 
3.987710E-01	3.98312E00	2.00000E00 
3.993280E-01	4.47452E00	2.00000E00 
3.998850E-01	4.39057E00	2.00000E00 
4.004420E-01	4.60597E00	2.00000E00 
4.009990E-01	3.42266E00	2.00000E00 
4.015560E-01	3.40311E00	2.00000E00 
4.021130E-01	4.04635E00	2.00000E00 
4.026700E-01	3.26082E00	2.00000E00 
4.032270E-01	3.71060E00	2.00000E00 
4.037850E-01	3.36303E00	2.00000E00 
4.043420E-01	3.52183E00	2.00000E00 
4.048990E-01	4.17997E00	2.00000E00 
4.054560E-01	4.13926E00	2.00000E00 
4.060130E-01	4.38736E00	2.00000E00 
4.065700E-01	4.15795E00	2.00000E00 
4.071270E-01	4.20176E00	2.00000E00 
4.076840E-01	3.82695E00	2.00000E00 
4.082410E-01	3.41548E00	2.00000E00 
4.087980E-01	3.19505E00	2.00000E00 
4.093550E-01	4.50804E00	2.00000E00 
4.099120E-01	2.48994E00	2.00000E00 
4.104690E-01	3.81650E00	2.00000E00 
4.110270E-01	3.49360E00	2.00000E00 
4.115840E-01	4.19561E00	2.00000E00 
4.121410E-01	3.34127E00	2.00000E00 
4.126980E-01	3.45146E00	2.00000E00 
4.132550E-01	3.84473E00	2.00000E00 
4.138120E-01	3.25355E00	2.00000E00 
4.143690E-01	4.08791E00	2.00000E00 
4.149260E-01	3.02417E00	2.00000E00 
4.154830E-01	3.75837E00	2.00000E00 
4.160400E-01	4.54796E00	2.00000E00 
4.165970E-01	3.93584E00	2.00000E00 
4.171540E-01	3.67664E00	2.00000E00 
4.177110E-01	3.03243E00	2.00000E00 
4.182680E-01	3.04849E00	2.00000E00 
4.188250E-01	4.85153E00	2.00000E00 
4.193820E-01	4.36697E00	2.00000E00 
4.199400E-01	3.33867E00	2.00000E00 
4.204970E-01	3.47244E00	2.00000E00 
4.210540E-01	5.31779E00	2.00000E00 
4.216110E-01	4.82178E00	2.00000E00 
4.221680E-01	3.99031E00	2.00000E00 
4.227250E-01	4.11771E00	2.00000E00 
4.232820E-01	4.23373E00	2.00000E00 
4.238390E-01	4.79289E00	2.00000E00 
4.243960E-01	3.96853E00	2.00000E00 
4.249530E-01	3.14665E00	2.00000E00 
4.255100E-01	3.76268E00	2.00000E00 
4.260670E-01	3.74293E00	2.00000E00 
4.266240E-01	4.23853E00	2.00000E00 
4.271810E-01	3.88941E00	2.00000E00 
4.277380E-01	3.82704E00	2.00000E00 
4.282950E-01	4.80203E00	2.00000E00 
4.288520E-01	3.50040E00	2.00000E00 
4.294090E-01	3.64017E00	2.00000E00 
4.299660E-01	2.49500E00	2.00000E00 
4.305230E-01	4.24120E00	2.00000E00 
4.310800E-01	4.08469E00	2.00000E00 
4.316370E-01	4.04795E00	2.00000E00 
4.321940E-01	4.67670E00	2.00000E00 
4.327520E-01	3.39933E00	2.00000E00 
4.333090E-01	3.62976E00	2.00000E00 
4.338660E-01	4.49244E00	2.00000E00 
4.344230E-01	2.95850E00	2.00000E00 
4.349800E-01	4.51624E00	2.00000E00 
4.355370E-01	3.55976E00	2.00000E00 
4.360940E-01	5.32184E00	2.00000E00 
4.366510E-01	4.64587E00	2.00000E00 
4.372080E-01	5.10229E00	2.00000E00 
4.377650E-01	2.93690E00	2.00000E00 
4.383220E-01	3.36293E00	2.00000E00 
4.388790E-01	3.82605E00	2.00000E00 
4.394360E-01	4.30047E00	2.00000E00 
4.399930E-01	3.89889E00	2.00000E00 
4.405500E-01	3.10359E00	2.00000E00 
4.411070E-01	3.59374E00	2.00000E00 
4.416640E-01	3.43562E00	2.00000E00 
4.422210E-01	4.17042E00	2.00000E00 
4.427780E-01	3.38814E00	2.00000E00 
4.433350E-01	3.73847E00	2.00000E00 
4.438920E-01	4.23578E00	2.00000E00 
4.444490E-01	3.90249E00	2.00000E00 
4.450060E-01	3.50584E00	2.00000E00 
4.455630E-01	3.69280E00	2.00000E00 
4.461200E-01	3.44039E00	2.00000E00 
4.466770E-01	3.90328E00	2.00000E00 
4.472340E-01	3.45274E00	2.00000E00 
4.477910E-01	3.71029E00	2.00000E00 
4.483480E-01	4.02613E00	2.00000E00 
4.489050E-01	2.51560E00	2.00000E00 
4.494620E-01	3.18697E00	2.00000E00 
4.500190E-01	3.77431E00	2.00000E00 
4.505760E-01	4.20005E00	2.00000E00 
4.511330E-01	4.00716E00	2.00000E00 
4.516900E-01	2.86399E00	2.00000E00 
4.522470E-01	3.80912E00	2.00000E00 
4.528040E-01	3.04531E00	2.00000E00 
4.533610E-01	4.22256E00	2.00000E00 
4.539180E-01	3.48020E00	2.00000E00 
4.544750E-01	3.31304E00	2.00000E00 
4.550320E-01	4.69184E00	2.00000E00 
4.555890E-01	3.96020E00	2.00000E00 
4.561460E-01	3.64969E00	2.00000E00 
4.567030E-01	2.58057E00	2.00000E00 
4.572600E-01	4.31434E00	2.00000E00 
4.578170E-01	3.24928E00	2.00000E00 
4.583740E-01	2.70840E00	2.00000E00 
4.589310E-01	4.30310E00	2.00000E00 
4.594880E-01	3.44013E00	2.00000E00 
4.600450E-01	3.21113E00	2.00000E00 
4.606020E-01	3.36335E00	2.00000E00 
4.611590E-01	4.56210E00	2.00000E00 
4.617160E-01	4.64921E00	2.00000E00 
4.622730E-01	3.20773E00	2.00000E00 
4.628300E-01	2.99425E00	2.00000E00 
4.633870E-01	4.01277E00	2.00000E00 
4.639430E-01	3.64416E00	2.00000E00 
4.645000E-01	4.27270E00	2.00000E00 
4.650570E-01	4.60906E00	2.00000E00 
4.656140E-01	3.96663E00	2.00000E00 
4.661710E-01	2.75292E00	2.00000E00 
4.667280E-01	3.16432E00	2.00000E00 
4.672850E-01	3.15053E00	2.00000E00 
4.678420E-01	4.18938E00	2.00000E00 
4.683990E-01	4.37902E00	2.00000E00 
4.689560E-01	3.47648E00	2.00000E00 
4.695130E-01	5.10433E00	2.00000E00 
4.700700E-01	3.59341E00	2.00000E00 
4.706270E-01	3.74820E00	2.00000E00 
4.711840E-01	4.21838E00	2.00000E00 
4.717410E-01	5.02368E00	2.00000E00 
4.722980E-01	3.41442E00	2.00000E00 
4.728550E-01	3.84688E00	2.00000E00 
4.734120E-01	4.04624E00	2.00000E00 
4.739690E-01	3.95072E00	2.00000E00 
4.745260E-01	4.04817E00	2.00000E00 
4.750830E-01	4.29472E00	2.00000E00 
4.756400E-01	5.05020E00	2.00000E00 
4.761960E-01	4.97030E00	2.00000E00 
4.767530E-01	3.53757E00	2.00000E00 
4.773100E-01	4.47887E00	2.00000E00 
4.778670E-01	2.89870E00	2.00000E00 
4.784240E-01	4.00760E00	2.00000E00 
4.789810E-01	4.13292E00	2.00000E00 
4.795380E-01	4.88538E00	2.00000E00 
4.800950E-01	4.77032E00	2.00000E00 
4.806520E-01	4.61224E00	2.00000E00 
4.812090E-01	4.16926E00	2.00000E00 
4.817660E-01	4.23516E00	2.00000E00 
4.823230E-01	3.55935E00	2.00000E00 
4.828800E-01	3.08231E00	2.00000E00 
4.834370E-01	4.85844E00	2.00000E00 
4.839940E-01	4.03345E00	2.00000E00 
4.845500E-01	4.83525E00	2.00000E00 
4.851070E-01	4.35405E00	2.00000E00 
4.856640E-01	5.29641E00	2.00000E00 
4.862210E-01	3.83658E00	2.00000E00 
4.867780E-01	4.67172E00	2.00000E00 
4.873350E-01	3.72115E00	2.00000E00 
4.878920E-01	3.02328E00	2.00000E00 
4.884490E-01	5.24188E00	2.00000E00 
4.890060E-01	4.32097E00	2.00000E00 
4.895630E-01	4.84568E00	2.00000E00 
4.901200E-01	3.84216E00	2.00000E00 
4.906770E-01	3.08146E00	2.00000E00 
4.912330E-01	3.40428E00	2.00000E00 
4.917900E-01	4.67428E00	2.00000E00 
4.923470E-01	3.18627E00	2.00000E00 
4.929040E-01	3.37076E00	2.00000E00 
4.934610E-01	4.56792E00	2.00000E00 
4.940180E-01	4.12078E00	2.00000E00 
4.945750E-01	4.79894E00	2.00000E00 
4.951320E-01	5.14647E00	2.00000E00 
4.956890E-01	4.72323E00	2.00000E00 
4.962460E-01	3.98338E00	2.00000E00 
4.968020E-01	3.55084E00	2.00000E00 
4.973590E-01	4.18684E00	2.00000E00 
4.979160E-01	3.79850E00	2.00000E00 
4.984730E-01	4.55710E00	2.00000E00 
4.990300E-01	3.53361E00	2.00000E00 
4.995870E-01	4.49114E00	2.00000E00 
5.001440E-01	3.62534E00	2.00000E00 
5.007010E-01	3.63207E00	2.00000E00 
5.012580E-01	3.60340E00	2.00000E00 
5.018150E-01	4.18853E00	2.00000E00 
5.023710E-01	4.18676E00	2.00000E00 
5.029280E-01	3.84339E00	2.00000E00 
5.034850E-01	2.96559E00	2.00000E00 
5.040420E-01	3.68800E00	2.00000E00 
5.045990E-01	3.55285E00	2.00000E00 
5.051560E-01	4.05856E00	2.00000E00 
5.057130E-01	4.72158E00	2.00000E00 
5.062700E-01	3.45919E00	2.00000E00 
5.068260E-01	4.01955E00	2.00000E00 
5.073830E-01	5.93739E00	2.00000E00 
5.079400E-01	4.51626E00	2.00000E00 
5.084970E-01	3.97328E00	2.00000E00 
5.090540E-01	3.84545E00	2.00000E00 
5.096110E-01	4.64696E00	2.00000E00 
5.101680E-01	4.37089E00	2.00000E00 
5.107250E-01	3.73510E00	2.00000E00 
5.112810E-01	5.17980E00	2.00000E00 
5.118380E-01	3.78173E00	2.00000E00 
5.123950E-01	5.02931E00	2.00000E00 
5.129520E-01	4.20570E00	2.00000E00 
5.135090E-01	3.02660E00	2.00000E00 
5.140660E-01	4.23943E00	2.00000E00 
5.146230E-01	2.52502E00	2.00000E00 
5.151790E-01	3.78019E00	2.00000E00 
5.157360E-01	4.94466E00	2.00000E00 
5.162930E-01	4.86732E00	2.00000E00 
5.168500E-01	3.63476E00	2.00000E00 
5.174070E-01	4.70939E00	2.00000E00 
5.179640E-01	5.01567E00	2.00000E00 
5.185210E-01	3.71503E00	2.00000E00 
5.190770E-01	3.43208E00	2.00000E00 
5.196340E-01	4.09808E00	2.00000E00 
5.201910E-01	4.34915E00	2.00000E00 
5.207480E-01	4.81501E00	2.00000E00 
5.213050E-01	5.06990E00	2.00000E00 
5.218620E-01	4.62490E00	2.00000E00 
5.224180E-01	4.57465E00	2.00000E00 
5.229750E-01	4.48360E00	2.00000E00 
5.235320E-01	4.83425E00	2.00000E00 
5.240890E-01	5.10044E00	2.00000E00 
5.246460E-01	4.22125E00	2.00000E00 
5.252030E-01	3.68791E00	2.00000E00 
5.257590E-01	3.97423E00	2.00000E00 
5.263160E-01	3.90271E00	2.00000E00 
5.268730E-01	4.91835E00	2.00000E00 
5.274300E-01	4.85441E00	2.00000E00 
5.279870E-01	4.85872E00	2.00000E00 
5.285440E-01	4.13212E00	2.00000E00 
5.291000E-01	4.19899E00	2.00000E00 
5.296570E-01	4.07829E00	2.00000E00 
5.302140E-01	4.70559E00	2.00000E00 
5.307710E-01	3.94727E00	2.00000E00 
5.313280E-01	3.92354E00	2.00000E00 
5.318840E-01	1.97096E00	2.00000E00 
5.324410E-01	3.67427E00	2.00000E00 
5.329980E-01	5.09068E00	2.00000E00 
5.335550E-01	4.20709E00	2.00000E00 
5.341120E-01	3.10124E00	2.00000E00 
5.346690E-01	5.19791E00	2.00000E00 
5.352250E-01	5.18483E00	2.00000E00 
5.357820E-01	4.71883E00	2.00000E00 
5.363390E-01	4.14833E00	2.00000E00 
5.368960E-01	4.28238E00	2.00000E00 
5.374530E-01	6.64414E00	2.00000E00 
5.380090E-01	3.82417E00	2.00000E00 
